#  SN  PRN   Hour          X[km]         Y[km]          Z[km]           T[Ms]
# ===  ===  =====  =============  =============  =============  =============
    1  G10   0.00  -21416.426843  -11127.853998   11316.836204     187.513042
    2  G10   0.25  -19986.679760  -11161.994562   13650.678760     187.512127
    3  G10   0.50  -18310.671856  -11257.946470   15752.039896     187.511196
    4  G10   0.75  -16419.651407  -11444.709151   17585.001032     187.510276
    5  G10   1.00  -14351.028391  -11745.575463   19118.133520     187.509244
    6  G10   1.25  -12147.104538  -12177.104582   20325.030901     187.508308
    7  G10   1.50   -9853.623443  -12748.357529   21184.763901     187.507388
    8  G10   1.75   -7518.193589  -13460.425630   21682.250411     187.506461
    9  G10   2.00   -5188.642152  -14306.271679   21808.533620     187.505548
   10  G10   2.25   -2911.360481  -15270.892142   21560.962393     187.504646
   11  G10   2.50    -729.703105  -16331.796868   20943.269136     187.503738
   12  G10   2.75    1317.499235  -17459.790714   19965.541675     187.502813
   13  G10   3.00    3197.255568  -18620.029880   18644.087180     187.501920
   14  G10   3.25    4883.508522  -19773.314746   17001.187840     187.501037
   15  G10   3.50    6357.962654  -20877.571332   15064.749894     187.500071
   16  G10   3.75    7610.613725  -21889.465357   12867.849651     187.499175
   17  G10   4.00    8639.956558  -22766.086797   10448.182333     187.498353
   18  G10   4.25    9452.861630  -23466.639126    7847.421802     187.497486
   19  G10   4.50   10064.123646  -23954.066253    5110.501466     187.496499
   20  G10   4.75   10495.698641  -24196.551854    2284.828792     187.495573
   21  G10   5.00   10775.658999  -24168.830168    -580.552225     187.494644
   22  G10   5.25   10936.907604  -23853.254447   -3435.834676     187.493698
   23  G10   5.50   11015.702595  -23240.578733   -6231.341209     187.492667
   24  G10   5.75   11050.052310  -22330.420194   -8918.417409     187.491706
   25  G10   6.00   11078.045675  -21131.382303  -11450.307861     187.490709
   26  G10   6.25   11136.186071  -19660.833135  -13782.996972     187.489725
   27  G10   6.50   11257.796601  -17944.347341  -15875.997461     187.488712
   28  G10   6.75   11471.561621  -16014.834205  -17693.070757     187.487761
   29  G10   7.00   11800.263478  -13911.387051  -19202.865270     187.486599
   30  G10   7.25   12259.765074  -11677.900470  -20379.460662     187.485560
   31  G10   7.50   12858.278429   -9361.510982  -21202.808555     187.484563
   32  G10   7.75   13595.947406   -7010.923369  -21659.062654     187.483587
   33  G10   8.00   14464.759769   -4674.688936  -21740.793817     187.482609
   34  G10   8.25   15448.790339   -2399.503059  -21447.088140     187.481641
   35  G10   8.50   16524.763752    -228.587860  -20783.528517     187.480699
   36  G10   8.75   17662.912831    1799.778380  -19762.062406     187.479801
   37  G10   9.00   18828.097219    3653.529974  -18400.760522     187.478895
   38  G10   9.25   19981.137235    5307.834191  -16723.472971     187.477995
   39  G10   9.50   21080.310145    6745.826828  -14759.390860     187.477083
   40  G10   9.75   22082.950406    7959.037892  -12542.522662     187.476198
   41  G10  10.00   22947.092186    8947.494339  -10111.095627     187.475158
   42  G10  10.25   23633.091502    9719.499078   -7506.893312     187.474246
   43  G10  10.50   24105.166741   10291.097533   -4774.540816     187.473176
   44  G10  10.75   24332.799906   10685.254523   -1960.749695     187.472265
   45  G10  11.00   24291.946576   10930.774648     886.465325     187.471386
   46  G10  11.25   23966.009970   11061.008534    3718.585682     187.470502
   47  G10  11.50   23346.543413   11112.394763    6487.392327     187.469627
   48  G10  11.75   22433.655552   11122.893007    9145.761253     187.468721
   49  G10  12.00   21236.103575   11130.367574   11648.439699     187.467828
   50  G10  12.25   19771.070951   11170.982165   13952.791890     187.466893
   51  G10  12.50   18063.637658   11277.666121   16019.503620     187.466091
   52  G10  12.75   16145.961891   11478.709867   17813.235492     187.465172
   53  G10  13.00   14056.202732   11796.542598   19303.215156     187.464229
   54  G10  13.25   11837.222663   12246.738862   20463.759527     187.463279
   55  G10  13.50    9535.117012   12837.292488   21274.718606     187.462493
   56  G10  13.75    7197.623931   13568.186830   21721.833313     187.461661
   57  G10  14.00    4872.473346   14431.279541   21797.000582     187.460794
   58  G10  14.25    2605.736032   15410.508638   21498.439980     187.459858
   59  G10  14.50     440.234602   16482.414664   20830.757257     187.458870
   60  G10  14.75   -1585.923421   17616.961740   19804.901537     187.457933
   61  G10  15.00   -3440.634161   18778.628749   18438.014415     187.456967
   62  G10  15.25   -5098.857349   19927.731031   16753.170898     187.455904
   63  G10  15.50   -6543.405581   21021.923493   14779.014078     187.455013
   64  G10  15.75   -7765.430742   22017.828166   12549.287451     187.454059
   65  G10  16.00   -8764.586909   22872.723419   10102.271018     187.453124
   66  G10  16.25   -9548.861624   23546.228721    7480.129545     187.452203
   67  G10  16.50  -10134.080611   24001.918004    4728.183562     187.451273
   68  G10  16.75  -10543.104281   24208.796757    1894.115819     187.450250
   69  G10  17.00  -10804.747100   24142.582740    -972.872205     187.449391
   70  G10  17.25  -10952.462545   23786.737646   -3822.937583     187.448383
   71  G10  17.50  -11022.846384   23133.206880   -6606.489656     187.447374
   72  G10  17.75  -11054.018786   22182.836382   -9275.082140     187.446358
   73  G10  18.00  -11083.951074   20945.448636  -11782.285424     187.445359
   74  G10  18.25  -11148.805326   19439.574138  -14084.521217     187.444359
   75  G10  18.50  -11281.354512   17691.848782  -16141.842588     187.443363
   76  G10  18.75  -11509.547344   15736.101438  -17918.643878     187.442351
   77  G10  19.00  -11855.275831   13612.168607  -19384.286723     187.441363
   78  G10  19.25  -12333.394795   11364.484031  -20513.630608     187.440353
   79  G10  19.50  -12951.031984    9040.499912  -21287.458755     187.439326
   80  G10  19.75  -13707.215204    6689.002714  -21692.792669     187.438498
   81  G10  20.00  -14592.829805    4358.390081  -21723.091223     187.437511
   82  G10  20.25  -15590.906467    2094.976226  -21378.332700     187.436513
   83  G10  20.50  -16677.226023     -58.608848  -20664.980572     187.435561
   84  G10  20.75  -17821.215689   -2064.865415  -19595.836038     187.434599
   85  G10  21.00  -18987.099934   -3892.661371  -18189.782301     187.433657
   86  G10  21.25  -20135.259792   -5518.215585  -16471.427315     187.432852
   87  G10  21.50  -21223.746864   -6925.792371  -14470.653228     187.431919
   88  G10  21.75  -22209.893046   -8108.083565  -12222.081928     187.431025
   89  G10  22.00  -23051.953984   -9066.266850   -9764.467118     187.430057
   90  G10  22.25  -23710.723661   -9809.741184   -7140.024047     187.429139
   91  G10  22.50  -24151.059258  -10355.552240   -4393.708559     187.428237
   92  G10  22.75  -24343.259259  -10727.532093   -1572.457448     187.427338
   93  G10  23.00  -24264.243713  -10955.187690    1275.597738     187.426456
   94  G10  23.25  -23898.493167  -11072.381553    4101.931314     187.425545
   95  G10  23.50  -23238.711860  -11115.855447    6858.426455     187.424621
   96  G10  23.75  -22286.191001  -11123.653155    9498.168796     187.423712